0000036405
0000052848
0000205323
0000225997
0000319676
0000734383
0000736054
0000794105
0000831114
0000836906
0000857489
0000884394
0000891190
0000923202
0000930667
0000936958
0000945908
0001004655
0001021882
0001026634
0001041130
0001064641
0001064642
0001067839
0001100663
0001137360
0001168164
0001169717
0001174610
0001208211
0001209466
0001222333
0001278680
0001327068
0001328237
0001328598
0001329377
0001330568
0001332174
0001350487
0001353611
0001353612
0001353613
0001353614
0001353615
0001353616
0001354730
0001354917
0001364089
0001364608
0001365662
0001367306
0001371571
0001376227
0001378872
0001379606
0001383496
0001384032
0001396877
0001396878
0001405513
0001405528
0001408970
0001414040
0001415311
0001415726
0001415995
0001418144
0001419139
0001424212
0001424958
0001426439
0001432353
0001433994
0001439567
0001450011
0001450501
0001450922
0001450923
0001452937
0001454889
0001459862
0001460235
0001467831
0001471824
0001472494
0001477049
0001478482
0001479026
0001479247
0001479360
0001479599
0001483386
0001484018
0001485894
0001491978
0001494728
0001495922
0001500604
0001501825
0001503123
0001506213
0001510337
0001511699
0001516212
0001517936
0001519405
0001524513
0001526787
0001527428
0001529390
0001532203
0001532206
0001535365
0001539190
0001540305
0001546652
0001547576
0001547580
0001547950
0001549548
0001551030
0001551895
0001551950
0001552740
0001559109
0001561785
0001562565
0001572661
0001573035
0001573099
0001573496
0001579982
0001591939
0001592900
0001595106
0001595386
0001597389
0001597934
0001604813
0001605803
0001610940
0001614522
0001616668
0001617113
0001618181
0001633061
0001635073
0001637520
0001638024
0001644419
0001645194
0001648403
0001648566
0001655319
0001655589
0001667919
0001670310
0001671686
0001672826
0001673996
0001683471
0001684381
0001689873
0001690437
0001690842
0001710607
0001726122
